                                  Source                  SS       DF                MS       F   p-unc     np2
0                                  cores   677,993,365.86407  1.00000 677,993,365.86407 6.01937 0.01978 0.15832
1                                 memory     6,472,603.42762  1.00000   6,472,603.42762 0.05747 0.81208 0.00179
2                             batch_size    57,122,115.20522  1.00000  57,122,115.20522 0.50714 0.48154 0.01560
3                                 epochs     9,707,579.90210  1.00000   9,707,579.90210 0.08619 0.77098 0.00269
4                         cores * memory    13,079,870.24466  1.00000  13,079,870.24466 0.11613 0.73550 0.00362
5                     cores * batch_size     3,328,602.44079  1.00000   3,328,602.44079 0.02955 0.86459 0.00092
6                    memory * batch_size    30,230,761.92093  1.00000  30,230,761.92093 0.26840 0.60797 0.00832
7                         cores * epochs   158,369,246.52606  1.00000 158,369,246.52606 1.40604 0.24445 0.04209
8                        memory * epochs     7,580,879.44988  1.00000   7,580,879.44988 0.06730 0.79696 0.00210
9                    batch_size * epochs    19,005,600.59410  1.00000  19,005,600.59410 0.16874 0.68398 0.00525
10           cores * memory * batch_size   449,474,461.60931  1.00000 449,474,461.60931 3.99053 0.05432 0.11088
11               cores * memory * epochs    39,941,566.11842  1.00000  39,941,566.11842 0.35461 0.55570 0.01096
12           cores * batch_size * epochs   147,570,362.41015  1.00000 147,570,362.41015 1.31016 0.26085 0.03933
13          memory * batch_size * epochs   147,254,791.61148  1.00000 147,254,791.61148 1.30736 0.26136 0.03925
14  cores * memory * batch_size * epochs   447,850,375.63100  1.00000 447,850,375.63100 3.97611 0.05473 0.11052
15                              Residual 3,604,328,467.01014 32.00000 112,635,264.59407     NaN     NaN     NaN