                                  Source               SS       DF              MS        F   p-unc     np2
0                                  cores     45,605.02872  1.00000    45,605.02872  0.14433 0.70653 0.00449
1                                 memory    140,703.64498  1.00000   140,703.64498  0.44529 0.50937 0.01372
2                             batch_size    400,728.35732  1.00000   400,728.35732  1.26819 0.26848 0.03812
3                                 epochs     30,792.94815  1.00000    30,792.94815  0.09745 0.75694 0.00304
4                         cores * memory    382,686.92006  1.00000   382,686.92006  1.21109 0.27933 0.03647
5                     cores * batch_size     18,216.12115  1.00000    18,216.12115  0.05765 0.81178 0.00180
6                    memory * batch_size    343,154.46161  1.00000   343,154.46161  1.08598 0.30517 0.03282
7                         cores * epochs    107,069.39958  1.00000   107,069.39958  0.33884 0.56458 0.01048
8                        memory * epochs  3,323,983.50592  1.00000 3,323,983.50592 10.51945 0.00276 0.24740
9                    batch_size * epochs    174,131.92334  1.00000   174,131.92334  0.55108 0.46329 0.01693
10           cores * memory * batch_size    104,431.75116  1.00000   104,431.75116  0.33050 0.56939 0.01022
11               cores * memory * epochs    237,286.18850  1.00000   237,286.18850  0.75094 0.39263 0.02293
12           cores * batch_size * epochs    301,497.27664  1.00000   301,497.27664  0.95415 0.33599 0.02895
13          memory * batch_size * epochs    302,075.51327  1.00000   302,075.51327  0.95598 0.33554 0.02901
14  cores * memory * batch_size * epochs    982,069.59752  1.00000   982,069.59752  3.10797 0.08746 0.08853
15                              Residual 10,111,509.49734 32.00000   315,984.67179      NaN     NaN     NaN