                                  Source                SS       DF               MS       F   p-unc     np2
0                                  cores  36,691,699.54817  1.00000 36,691,699.54817 3.57295 0.06781 0.10044
1                                 memory     208,400.74311  1.00000    208,400.74311 0.02029 0.88761 0.00063
2                             batch_size  20,429,406.63571  1.00000 20,429,406.63571 1.98936 0.16805 0.05853
3                                 epochs  27,980,183.70458  1.00000 27,980,183.70458 2.72464 0.10859 0.07846
4                         cores * memory     304,585.62784  1.00000    304,585.62784 0.02966 0.86435 0.00093
5                     cores * batch_size   6,726,553.56575  1.00000  6,726,553.56575 0.65502 0.42430 0.02006
6                    memory * batch_size  34,672,476.77075  1.00000 34,672,476.77075 3.37632 0.07544 0.09544
7                         cores * epochs   4,215,594.62699  1.00000  4,215,594.62699 0.41050 0.52628 0.01267
8                        memory * epochs   4,419,205.47616  1.00000  4,419,205.47616 0.43033 0.51652 0.01327
9                    batch_size * epochs  16,573,184.98368  1.00000 16,573,184.98368 1.61386 0.21311 0.04801
10           cores * memory * batch_size  21,826,790.72805  1.00000 21,826,790.72805 2.12544 0.15462 0.06228
11               cores * memory * epochs  23,303,611.66567  1.00000 23,303,611.66567 2.26925 0.14177 0.06622
12           cores * batch_size * epochs   7,393,224.13627  1.00000  7,393,224.13627 0.71993 0.40247 0.02200
13          memory * batch_size * epochs  22,000,732.21817  1.00000 22,000,732.21817 2.14238 0.15303 0.06275
14  cores * memory * batch_size * epochs   1,072,163.05139  1.00000  1,072,163.05139 0.10440 0.74871 0.00325
15                              Residual 328,617,952.45045 32.00000 10,269,311.01408     NaN     NaN     NaN