                                  Source              SS       DF            MS       F   p-unc     np2
0                                  cores       184.69121  1.00000     184.69121 0.00254 0.96011 0.00008
1                                 memory   190,651.87470  1.00000 190,651.87470 2.62261 0.11517 0.07575
2                             batch_size    72,434.50709  1.00000  72,434.50709 0.99641 0.32567 0.03020
3                                 epochs        29.07841  1.00000      29.07841 0.00040 0.98417 0.00001
4                         cores * memory     2,988.74038  1.00000   2,988.74038 0.04111 0.84060 0.00128
5                     cores * batch_size    20,724.36665  1.00000  20,724.36665 0.28508 0.59708 0.00883
6                    memory * batch_size   391,320.13417  1.00000 391,320.13417 5.38300 0.02687 0.14400
7                         cores * epochs     8,749.14017  1.00000   8,749.14017 0.12035 0.73092 0.00375
8                        memory * epochs   204,282.73198  1.00000 204,282.73198 2.81011 0.10342 0.08073
9                    batch_size * epochs     7,100.94250  1.00000   7,100.94250 0.09768 0.75666 0.00304
10           cores * memory * batch_size   303,381.76888  1.00000 303,381.76888 4.17332 0.04937 0.11537
11               cores * memory * epochs    70,809.99256  1.00000  70,809.99256 0.97406 0.33107 0.02954
12           cores * batch_size * epochs     9,736.25786  1.00000   9,736.25786 0.13393 0.71680 0.00417
13          memory * batch_size * epochs   301,546.13331  1.00000 301,546.13331 4.14807 0.05003 0.11475
14  cores * memory * batch_size * epochs    21,869.11149  1.00000  21,869.11149 0.30083 0.58717 0.00931
15                              Residual 2,326,256.19421 32.00000  72,695.50607     NaN     NaN     NaN