                            Source                    SS       DF                   MS       F   p-unc     np2
0                            Cores      41,548,653.25651  1.00000     41,548,653.25651 0.01160 0.91492 0.00036
1                           Memory     220,828,291.03492  1.00000    220,828,291.03492 0.06163 0.80552 0.00192
2                            Batch   1,405,009,009.05812  1.00000  1,405,009,009.05812 0.39213 0.53562 0.01211
3                            Learn   2,702,824,878.49694  1.00000  2,702,824,878.49694 0.75434 0.39157 0.02303
4                   Cores * Memory   5,501,877,980.28549  1.00000  5,501,877,980.28549 1.53554 0.22429 0.04579
5                    Cores * Batch   2,807,842,855.84235  1.00000  2,807,842,855.84235 0.78365 0.38263 0.02390
6                   Memory * Batch      72,531,266.87524  1.00000     72,531,266.87524 0.02024 0.88775 0.00063
7                    Cores * Learn   3,891,299,271.62563  1.00000  3,891,299,271.62563 1.08604 0.30516 0.03282
8                   Memory * Learn  16,515,468,457.29254  1.00000 16,515,468,457.29254 4.60937 0.03948 0.12591
9                    Batch * Learn  25,837,638,389.02271  1.00000 25,837,638,389.02271 7.21113 0.01139 0.18391
10          Cores * Memory * Batch   2,522,657,492.62497  1.00000  2,522,657,492.62497 0.70406 0.40765 0.02153
11          Cores * Memory * Learn     271,090,092.73174  1.00000    271,090,092.73174 0.07566 0.78504 0.00236
12           Cores * Batch * Learn   1,145,520,191.39140  1.00000  1,145,520,191.39140 0.31971 0.57573 0.00989
13          Memory * Batch * Learn   1,416,328,555.28384  1.00000  1,416,328,555.28384 0.39529 0.53399 0.01220
14  Cores * Memory * Batch * Learn   4,418,997,860.38109  1.00000  4,418,997,860.38109 1.23332 0.27504 0.03711
15                        Residual 114,656,668,865.79880 32.00000  3,583,020,902.05621     NaN     NaN     NaN